cd 0.00 "c:\c 6422048 6422044 6421992 1092
cd 0.00 "c:\c 6422048 6422044 6421992 168
cd 0.00 "c:\c 6422048 6422044 6421992 168
cd 0.00 "c:\c 6422048 6422044 6421992 168
cd 0.00 "c:\c 6422048 6422044 6421992 168
cd 0.00 "c:\c 6422048 6422044 6421992 168
cd 0.00 "c:\c 6422048 6422044 6421992 168
cd 0.00 "c:\c 6422048 6422044 6421992 168
cd 0.00 "c:\c 6422048 6422044 6421992 168
cd 0.00 "c:\c 6422048 6422044 6421992 168
cd 0.00 "c:\c 6422048 6422044 6421992 168
cd 0.00 "c:\c 6422048 6422044 6421992 168
cd 0.00 "c:\c 6422048 6422044 6421992 168
cd 0.00 "c:\c 6422048 6422044 6421992 168
cd 0.00 "c:\c 6422048 6422044 6421992 168
cd 0.00 "c:\c 6422048 6422044 6421992 168
cd 0.00 "c:\c 6422048 6422044 6421992 168
